123;101;1;5;109;BigMac;480;2300;20
123;101;1;5;205;TripleConQueso;380;3100;20
123;101;1;5;305;McPollo;250;1200;20
345;987;2;2;78;MacPapasPequennas;197;1200;20
4567;234;876;3;65;McNuggets4;166;3590;20
12;34;234;230;543;PapasKids;87;590;20
123;345;2341;12;704;CrispyChicken;623;4900;20
123;101;1;1;101;Coca-Cola Mediana;210;1500;20
123;101;1;1;102;Fanta Naranja;160;1200;20
123;101;1;1;103;Agua Mineral;0;800;20
123;101;1;1;104;Limonada Natural;120;1000;20
123;101;1;1;105;Cafe Americano;5;900;20
123;101;1;2;201;Papas Fritas Medianas;340;1800;20
123;101;1;2;202;Aros de Cebolla;400;2000;20
123;101;1;2;203;Nuggets de Pollo (6pz);250;2200;20
123;101;1;2;204;Ensalada Cesar;150;2500;20
123;101;1;2;205;Quesadilla;320;1900;20
123;101;1;3;301;Ceviche Mixto;350;4500;20
123;101;1;3;302;Camarones Empanizados;420;3800;20
123;101;1;3;303;Pulpo a la Parrilla;280;5000;20
123;101;1;3;304;Arroz con Mariscos;400;3000;20
123;101;1;3;305;Empanadas de Jaiba;290;2700;20
123;101;1;4;401;McFlurry Oreo;330;2200;20
123;101;1;4;402;Tarta de Manzana;250;1800;20
123;101;1;4;403;Helado de Vainilla;200;1200;20
123;101;1;4;404;Churros con Chocolate;380;2000;20
123;101;1;4;405;Brownie;280;1500;20
345;201;5;1;501;Big Mac;550;3500;20
345;201;5;1;502;Cuarto de Libra;520;3200;20
345;201;5;1;503;McNifica;480;3000;20
345;201;5;1;504;Hamburguesa con Queso;300;2500;20
345;201;5;1;505;McPollo;400;2800
345;201;6;1;601;Cafe Latte;120;1800
345;201;6;1;602;Capuchino;150;2000
345;201;6;1;603;Mocha;200;2200
345;201;6;1;604;Expreso;5;1000
345;201;6;1;605;Te Chai;80;1500
345;202;7;1;701;Costillas BBQ;600;5500
345;202;7;1;702;Pechuga a la Parrilla;350;4000
345;202;7;1;703;Choripan;450;3000
345;202;7;1;704;Asado de Tira;700;6000
345;202;7;1;705;Parrillada Mixta;800;7000
4567;301;9;1;901;Taco de Cochinita;280;3500
4567;301;9;1;902;Molletes;320;2500
4567;301;9;1;903;Queso Fundido;400;3000
4567;301;9;1;904;Tostadas de Atun;200;2800
4567;301;9;1;905;Chiles en Nogada;450;4500
4567;301;10;1;1001;Huevos Rancheros;450;2500
4567;301;10;1;1002;Chilaquiles Rojos;380;2200
4567;301;10;1;1003;Molletes Dulces;300;1800
4567;301;10;1;1004;Omelette de Queso;350;2000
4567;301;10;1;1005;Fruta con Yogur;150;1500
345;203;8;1;1101;Pizza Pepperoni;300;4000
345;203;8;1;1102;Pizza Hawaiana;350;4200
345;203;8;1;1103;Pizza Vegetariana;280;3800
345;203;8;1;1104;Pizza 4 Quesos;320;4500
345;203;8;1;1105;Pizza Margarita;250;3500
